[ 3 1 0 ]
[ 4 1 0 ]
[ 5 2 0 ]
[ 6 1 0 ]
[ 7 1 0 ]
[ 8 4 3 1 0 ]
[ 9 1 0 ]
[ 10 3 0 ]
[ 11 2 0 ]
[ 12 3 0 ]
[ 13 4 3 1 0 ]
[ 14 5 0 ]
[ 15 1 0 ]
[ 16 5 3 1 0 ]
[ 17 3 0 ]
[ 18 3 0 ]
[ 19 5 2 1 0 ]
[ 20 3 0 ]
[ 21 2 0 ]
[ 22 1 0 ]
[ 23 5 0 ]
[ 24 4 3 1 0 ]
[ 25 3 0 ]
[ 26 4 3 1 0 ]
[ 27 5 2 1 0 ]
[ 28 1 0 ]
[ 29 2 0 ]
[ 30 1 0 ]
[ 31 3 0 ]
[ 32 7 3 2 0 ]
[ 33 6 3 1 0 ]
[ 34 4 3 1 0 ]
[ 35 2 0 ]
[ 36 5 4 2 0 ]
[ 37 5 4 3 2 1 0 ]
[ 38 6 5 1 0 ]
[ 39 4 0 ]
[ 40 5 4 3 0 ]
[ 41 3 0 ]
[ 42 5 2 1 0 ]
[ 43 6 4 3 0 ]
[ 44 5 0 ]
[ 45 4 3 1 0 ]
[ 46 1 0 ]
[ 47 5 0 ]
[ 48 5 3 2 0 ]
[ 49 6 5 4 0 ]
[ 50 4 3 2 0 ]
[ 51 6 3 1 0 ]
[ 52 3 0 ]
[ 53 6 2 1 0 ]
[ 54 6 5 4 3 2 0 ]
[ 55 6 2 1 0 ]
[ 56 7 4 2 0 ]
[ 57 4 0 ]
[ 58 6 5 1 0 ]
[ 59 6 5 4 3 1 0 ]
[ 60 1 0 ]
[ 61 5 2 1 0 ]
[ 62 6 5 3 0 ]
[ 63 1 0 ]
[ 64 4 3 1 0 ]
[ 65 4 3 1 0 ]
[ 66 3 0 ]
[ 67 5 2 1 0 ]
[ 68 7 5 1 0 ]
[ 69 6 5 2 0 ]
[ 70 5 3 1 0 ]
[ 71 5 3 1 0 ]
[ 72 6 4 3 2 1 0 ]
[ 73 4 3 2 0 ]
[ 74 6 2 1 0 ]
[ 75 6 3 1 0 ]
[ 76 5 4 2 0 ]
[ 77 6 5 2 0 ]
[ 78 6 4 3 2 1 0 ]
[ 79 4 3 2 0 ]
[ 80 7 5 3 2 1 0 ]
[ 81 4 0 ]
[ 82 7 6 4 2 1 0 ]
[ 83 7 4 2 0 ]
[ 84 5 0 ]
[ 85 8 2 1 0 ]
[ 86 6 5 2 0 ]
[ 87 7 5 1 0 ]
[ 88 5 4 3 2 1 0 ]
[ 89 6 5 3 0 ]
[ 90 5 3 2 0 ]
[ 91 7 6 5 3 2 0 ]
[ 92 6 5 2 0 ]
[ 93 2 0 ]
[ 94 6 5 1 0 ]
[ 95 6 5 4 2 1 0 ]
[ 96 6 5 3 2 1 0 ]
[ 97 6 0 ]
[ 98 7 4 3 0 ]
[ 99 6 3 1 0 ]
[ 100 6 5 2 0 ]
[ 101 7 6 1 0 ]
[ 102 6 5 3 0 ]
[ 103 7 5 4 3 2 0 ]
[ 104 4 3 1 0 ]
[ 105 4 0 ]
[ 106 6 5 1 0 ]
[ 107 7 5 3 2 1 0 ]
[ 108 6 4 1 0 ]
[ 109 5 4 2 0 ]
[ 110 6 4 1 0 ]
[ 111 7 4 2 0 ]
[ 112 5 4 3 0 ]
[ 113 5 3 2 0 ]
[ 114 5 3 2 0 ]
[ 115 7 5 3 2 1 0 ]
[ 116 4 2 1 0 ]
[ 117 5 2 1 0 ]
[ 118 6 5 2 0 ]
[ 119 8 0 ]
[ 120 4 3 1 0 ]
[ 121 8 5 1 0 ]
[ 122 6 2 1 0 ]
[ 123 2 0 ]
[ 124 6 5 4 3 2 0 ]
[ 125 7 5 3 2 1 0 ]
[ 126 7 4 2 0 ]
[ 127 1 0 ]
[ 128 7 2 1 0 ]
